268227758
226495813
327808396
77020768
228146666
101143035
195651268
269370227
253870340
154113111
168706963
195906855
219583376
50466560
98849047
212212950
217448430
114696228
122440883
277441092
67647823
173692624
198754280
287175990
243246559
297310953
118995327
313835652
115567529
224166312
219354110
211143472
136888679
186662759
215689675
231885782
292149904
265228002
245333470
206637124
97059633
221828781
259502066
295946290
294906327
288674373
96871278
195166678
190647723
263500706
272090430
309424691
222467211
159595920
159868368
275027926
291332178
46853604
149446532
259806166
260929036
283975824
234803258
190067014
81146046
126922110
308484680
129916482
181106372
145324041
261203340
285916199
255006697
194849320
80882965
103154541
295479704
281486523
149850379
322694354
224390972
258575257
-1001070703402
286989172
223617491
115938553
264882979
253737694
155810528
200677999
226233469
185426362
134418496
103358505
281466952
103071092
154227686
197172254
248874447
53406884
268909090
217432940
110441643
200037987
241420463
284424256
236667507
87691174
260864889
107051110
56195740
260532379
292216125
190725977
187223995
251389312
260860875
153796739
185437404
281672145
125263114
239299058
228678016
304699453
90437489
281807205
238492175
212241031
243921655
127263624
270002216
219270082
99868006
-197194661
276281882
90162099
248275026
152065669
282327813
180248717
323467927
183874150
263131844
198950088
261598817
112184050
259300954
217180605
292207997
227200462
311009741
174573199
171936547
269553276
229008846
187820098
278685359
209846101
240201413
316369569
87300292
285380490
250049437
238773538
178550224
239508381
75373087
140313934
279528467
135992565
94525133
281710820
246314282
132956142
228601167
189426944
132929724
203660409
164065318
290907335
198185772
170739355
240390734
304107094
195624219
170649634
105464615
259921465
189085528
226601429
240824383
110367258
127367240
266151360
214383719
327526654
273207365
271077648
106582389
261979686
103496437
99338021
278488965
186820497
327325868
223171163
305856990
213116224
55030695
205258325
167494144
313923377
83604614
266216996
189293207
206745850
-1001052673654
240415372
99387898
244249561
323330899
61533874
269775099
280360644
295849445
286580098
222165287
122570472
298865761
28142934
152635364
255684852
182200304
260807061
208870120
286306573
323222964
293744378
68270780
162045862
125018633
67594761
211147179
314648981
118103480
266678432
109476836
126584745
233639841
308826235
298251389
269872280
320842903
206073775
218848543
319651048
279271278
233370394
128950225
310601021
279818332
271551336
117143554
273772286
91710985
220669781
259865667
113576051
280055517
311644028
241759447
245801569
309393149
187453608
322842906
294808629
45052879
284844162
273541279
313891840
98118577
258220821
319787276
152132266
90115109
190020335
88077806
322242763
74883003
104323806
262818782
224987504
200268979
218980446
204053353
307879442
312852516
286922383
293436071
287313828
195199839
182242781
239840527
184707789
279400074
238962570
220892218
206188618
249784275
268479661
216501663
204122952
278986893
147467122
206884853
191355407
190795179
132389654
247297086
329884791
230245016
101342363
157599182
307598721
98546995
147749461
279092532
161851185
188754975
133865680
310211818
320479466
199388389
123199591
189163848
295215383
294665580
305259242
158729527
246023771
189036401
300256867
304198219
200582742
307348674
165994476
295921678
135800354
291399201
67369633
128124961
282784507
216507730
156579080
285688537
280455102
291714659
285589962
288819011
186674546
259299821
180963145
325238476
266260590
277183068
163257082
84761027
284329027
192833907
113969927
278202681
92180380
273327667
228703546
277634757
285132228
239248442
217324444
273548788
250117650
234631827
303758168
327975379
253065638
226514784
166540899
213457470
161742396
151974883
184602692
94214042
100678271
120607860
67516785
270070039
294102852
123466063
293587268
327171015
108950403
286572913
149930069
189282566
188108563
249290371
235186672
137240668
305255842
218001433
262457074
281090704
84785284
259869146
227843253
306052921
262216326
252809451
103930271
299225141
222885859
253219961
131630669
224439835
221169624
194411604
221619886
67185614
103448450
104130699
90497653
129372728
127038484
140037297
70907270
142873654
197759951
192898162
90802797
221958109
132931925
171036524
261982439
157219994
231127568
237834507
137432778
239200610
88865994
221711996
59491530
240450723
105413662
202836306
225040247
180235169
303831429
205258409
312270030
266088557
180041726
103570733
82214992
128550101
225385022
271355734
312194230
295604313
286039600
298363124
230175389
52068388
150696043
217097980
119445553
217804268
122460948
205784980
243653433
301013993
266292887
134616598
238808338
115006372
223411570
184218207
190084749
189954830
170419436
133318313
225774146
245362895
284303618
114028586
141949034
194155834
283392246
164529131
121624569
155573949
143992031
134662525
230019783
78364276
106586801
214045440
258338029
271093915
136979043
268877580
95489724
215735695
204920172
114868493
138630537
275809159
134892377
151970494
300360749
239125058
172806128
157752868
83718581
242099958
168280373
206615215
38205278
184283197
259892024
106782885
273223634
193863556
70751455
201448251
182622525
189916282
241245669
94639087
255803093
82952464
259356863
223373078
81502715
232024012
109340468
289583803
286555974
247598721
109710817
294850768
254762099
304827160
106228761
171095242
189639606
252015028
106862381
290255034
168057983
97279795
236017747
254174235
256684982
124763515
113222258
256346712
147200218
328611662
299599695
300611960
273720561
176119790
122381821
312155370
127477311
233410300
150048043
223442046
132326187
201704410
264150062
115442858
211418507
316832871
185249262
277693608
162043949
152775267
103540755
89967345
291312576
223857006
189699523
325639029
295791384
228508800
222428207
283841061
281118996
177916045
215686773
322628791
215077530
139251080
224687454
206014090
208155750
329781432
75610443
304840620
191352290
117234324
220036151
118867819
258439196
197398938
157211045
94911307
118624316
315339675
134139736
227609296
72462480
219745562
173103325
303381164
302910614
89982152
325463884
68830600
251862068
182564161
268196660
107307805
266990555
324465273
266497762
224632446
178686426
211040131
79673194
221362868
200367241
219192294
105831453
322965306
318075135
186507065
-1001086513303
201678888
117871579
145707623
213568196
297625413
311680976
258283373
215459521
51409548
297208111
325839029
159552508
259597540
251033001
263877199
321347601
89159852
279564246
319340447
278387824
307395482
233035556
133554902
93062670
325784923
314111369
210649043
270038818
222801593
239977961
166381545
243972027
220444727
183328352
266479121
314508865
268027528
242565031
-187176099
274807882
185456746
169992042
306398602
136267266
315538804
321955735
81697184
91312146
267562613
267785153
240123258
258548657
220103098
259465597
180200313
273415279
296139383
200631609
259059428
308134714
325919878
129650449
151642778
141714542
311588775
324656723
112284573
319624721
240764218
299405837
316618954
248499629
91054649
223404066
271032393
262258736
270684365
193780802
292468367
95603911
103862054
202093033
314566610
117848541
313293010
322816128
254918274
264723818
188407825
254433633
306151359
152385833
142545964
188981459
105828663
229204460
158685542
204949667
140002011
86552897
285163807
145758401
153051904
246052915
288093015
140071449
232387444
95114288
79250694
